17 Vienna 1975000 2200
38 Amsterdam 921402 1050
65 Paris 2102650 3504
47 Athens 698567 830
12 Thessaloniki 319045 413
23 Berlin 3650505 1500
56 Madrid 3207247 605
89 Rome 2873458 1287
34 Brussels 1191604 719
78 Budapest 1752286 640
45 Lisbon 547733 653
31 Warsaw 1790658 517
90 Stockholm 975904 520
76 Prague 130573 496
54 Helsinki 631695 213
21 Dublin 117317 362
42 Oslo 711159 458
87 Bucharest 188342 901
33 Zurich 434008 694
68 Copenhagen 794128 597
92 Moscow 1267800 2357
14 Barcelona 166418 894
50 Istanbul 1502923 2206
79 Sofia 131541 495
25 Lyon 515695 303
60 Marseille 871432 240
35 Edinburgh 482005 204
19 Geneva 201818 104
72 Krakow 780981 392
51 Porto 214349 131
82 Zagreb 798966 405